2001.126027397 -1.369000e-11 5.040000e-11
2001.202739726 1.501000e-11 3.876000e-11
2001.287671233 6.291000e-11 4.277000e-11
2001.369863014 6.571000e-11 3.489000e-11
2001.454794521 4.506000e-11 3.521000e-11
2001.536986301 -4.842000e-11 3.355000e-11
2001.621917808 -1.161100e-10 3.316000e-11
2001.706849315 -9.892000e-11 3.841000e-11
2001.789041096 -6.142000e-11 3.735000e-11
2001.873972603 -5.769000e-11 3.957000e-11
2001.956164384 1.399000e-11 3.749000e-11
2002.041095890 3.200000e-12 3.576000e-11
2002.126027397 3.520000e-11 3.262000e-11
2002.202739726 6.317000e-11 3.071000e-11
2002.287671233 1.129400e-10 3.913000e-11
2002.369863014 8.125000e-11 3.283000e-11
2002.454794521 4.712000e-11 3.571000e-11
2002.536986301 -7.809000e-11 3.514000e-11
2002.621917808 -1.158800e-10 3.355000e-11
2002.706849315 -7.743000e-11 3.917000e-11
2002.789041096 -5.918000e-11 3.402000e-11
2002.873972603 -3.562000e-11 3.789000e-11
2002.956164384 4.164000e-11 3.961000e-11
2003.041095890 4.079000e-11 3.833000e-11
2003.126027397 3.742000e-11 3.388000e-11
2003.202739726 8.904000e-11 3.016000e-11
2003.287671233 7.888000e-11 3.793000e-11
2003.369863014 7.729000e-11 3.420000e-11
2003.454794521 5.431000e-11 3.151000e-11
2003.536986301 -8.058000e-11 3.537000e-11
2003.621917808 -1.241300e-10 2.898000e-11
2003.706849315 -7.166000e-11 3.051000e-11
2003.789041096 -8.626000e-11 3.524000e-11
2003.873972603 -3.193000e-11 3.869000e-11
2003.956164384 9.770000e-12 3.547000e-11
2004.040983607 1.171000e-11 3.509000e-11
2004.125683060 3.775000e-11 3.533000e-11
2004.204918033 5.449000e-11 3.643000e-11
2004.289617486 5.578000e-11 4.253000e-11
2004.371584699 8.068000e-11 3.592000e-11
2004.456284153 4.447000e-11 4.204000e-11
2004.538251366 -5.092000e-11 4.279000e-11
2004.622950820 -7.955000e-11 3.294000e-11
2004.707650273 -4.910000e-11 3.976000e-11
2004.789617486 3.200000e-13 3.923000e-11
2004.874316940 -1.858000e-11 3.763000e-11
2004.956284153 6.731000e-11 4.176000e-11
2005.041095890 4.036000e-11 3.182000e-11
2005.126027397 8.092000e-11 4.180000e-11
2005.202739726 1.360000e-10 4.120000e-11
2005.287671233 1.402300e-10 3.558000e-11
2005.369863014 1.196300e-10 3.329000e-11
2005.454794521 9.494000e-11 3.384000e-11
2005.536986301 -6.100000e-12 3.237000e-11
2005.621917808 -3.402000e-11 3.254000e-11
2005.706849315 -5.361000e-11 3.438000e-11
2005.789041096 -2.477000e-11 3.296000e-11
2005.873972603 -2.760000e-11 3.842000e-11
2005.956164384 2.400000e-11 3.703000e-11
2006.041095890 2.273000e-11 3.508000e-11
2006.126027397 5.160000e-11 3.838000e-11
2006.202739726 6.046000e-11 3.856000e-11
2006.287671233 5.283000e-11 3.705000e-11
2006.369863014 7.361000e-11 3.401000e-11
2006.454794521 8.391000e-11 2.972000e-11
2006.536986301 -4.390000e-11 2.796000e-11
2006.621917808 -4.133000e-11 2.964000e-11
2006.706849315 -4.484000e-11 3.095000e-11
2006.789041096 -2.533000e-11 3.054000e-11
2006.873972603 3.505000e-11 3.348000e-11
2006.956164384 7.645000e-11 3.300000e-11
2007.041095890 -4.070000e-12 3.278000e-11
2007.126027397 9.227000e-11 3.933000e-11
2007.202739726 1.032700e-10 2.974000e-11
2007.287671233 6.841000e-11 3.218000e-11
2007.369863014 8.913000e-11 2.983000e-11
2007.454794521 6.316000e-11 3.073000e-11
2007.536986301 -4.584000e-11 3.278000e-11
2007.621917808 -6.886000e-11 3.009000e-11
2007.706849315 -4.891000e-11 3.308000e-11
2007.789041096 -7.121000e-11 3.294000e-11
2007.873972603 -6.894000e-11 3.553000e-11
2007.956164384 -1.490000e-12 3.828000e-11
2008.040983607 -2.151000e-11 3.790000e-11
2008.125683060 1.145000e-11 3.142000e-11
2008.204918033 6.169000e-11 3.264000e-11
2008.289617486 8.889000e-11 3.540000e-11
2008.371584699 6.129000e-11 3.251000e-11
2008.456284153 3.259000e-11 3.454000e-11
2008.538251366 -6.723000e-11 3.206000e-11
2008.622950820 -1.182500e-10 2.878000e-11
2008.707650273 -5.453000e-11 3.414000e-11
2008.789617486 -4.491000e-11 3.096000e-11
2008.874316940 -4.855000e-11 3.593000e-11
2008.956284153 -3.869000e-11 3.612000e-11
2009.041095890 -4.270000e-12 3.342000e-11
2009.126027397 1.926000e-11 3.461000e-11
2009.202739726 1.327000e-11 3.220000e-11
2009.287671233 2.870000e-11 3.393000e-11
2009.369863014 2.243000e-11 3.431000e-11
2009.454794521 2.939000e-11 4.397000e-11
2009.536986301 -5.115000e-11 3.353000e-11
2009.621917808 -7.628000e-11 3.226000e-11
2009.706849315 -8.577000e-11 3.305000e-11
2009.789041096 -3.404000e-11 3.540000e-11
2009.873972603 -4.061000e-11 3.949000e-11
2009.956164384 2.690000e-11 4.222000e-11
2010.041095890 2.254000e-11 3.434000e-11
2010.126027397 1.267000e-11 3.658000e-11
2010.202739726 5.218000e-11 3.406000e-11
2010.287671233 2.872000e-11 4.059000e-11
2010.369863014 6.670000e-11 3.921000e-11
2010.454794521 3.611000e-11 3.901000e-11
2010.536986301 -1.020400e-10 3.758000e-11
2010.621917808 -1.251800e-10 3.316000e-11
2010.706849315 -1.179400e-10 3.398000e-11
2010.789041096 -1.277200e-10 3.569000e-11
2010.873972603 -6.751000e-11 3.620000e-11
2010.956164384 1.731000e-11 4.251000e-11
2011.041095890 -2.272000e-11 3.594000e-11
2011.126027397 2.601000e-11 4.166000e-11
2011.202739726 -1.540000e-12 3.192000e-11
2011.287671233 -1.580000e-12 3.885000e-11
2011.369863014 6.120000e-12 3.110000e-11
2011.454794521 7.600000e-12 3.293000e-11
2011.536986301 -1.099700e-10 3.352000e-11
2011.621917808 -1.016200e-10 3.075000e-11
2011.706849315 -9.542000e-11 3.055000e-11
2011.789041096 -1.230600e-10 3.290000e-11
2011.832876712 -1.006500e-10 3.620000e-11
2011.873972603 -8.308000e-11 3.672000e-11
2011.956164384 -6.458000e-11 4.279000e-11
2011.986301370 -1.019400e-10 3.730000e-11
2012.040983607 -1.143900e-10 3.267000e-11
2012.125683060 -7.949000e-11 3.477000e-11
2012.204918033 -5.526000e-11 3.098000e-11
2012.256830601 -4.251000e-11 2.990000e-11
2012.289617486 -3.357000e-11 3.588000e-11
2012.371584699 -8.100000e-13 2.987000e-11
2012.456284153 -6.748000e-11 3.540000e-11
2012.538251366 -1.911100e-10 2.972000e-11
2012.622950820 -1.718600e-10 2.993000e-11
2012.707650273 -1.399300e-10 3.494000e-11
2012.789617486 -1.135800e-10 3.250000e-11
2012.874316940 -7.942000e-11 4.129000e-11
2012.956284153 -9.567000e-11 4.669000e-11
2013.041095890 -8.522000e-11 3.786000e-11
2013.126027397 -7.895000e-11 3.795000e-11
2013.202739726 -4.444000e-11 3.736000e-11
2013.287671233 -7.460000e-12 3.464000e-11
2013.369863014 -9.910000e-12 3.549000e-11
2013.454794521 -3.922000e-11 3.563000e-11
2013.536986301 -1.716600e-10 3.780000e-11
2013.621917808 -1.911500e-10 3.723000e-11
2013.706849315 -1.575600e-10 3.512000e-11
2013.789041096 -1.517900e-10 3.602000e-11
2013.873972603 -1.366500e-10 4.013000e-11
2013.956164384 -5.029000e-11 3.799000e-11
2014.041095890 -7.634000e-11 3.529000e-11
2014.126027397 -5.186000e-11 3.789000e-11
2014.202739726 -5.228000e-11 3.360000e-11
2014.287671233 -3.172000e-11 3.565000e-11
2014.369863014 -2.821000e-11 3.551000e-11
2014.454794521 -7.676000e-11 3.201000e-11
2014.536986301 -1.359600e-10 3.196000e-11
2014.621917808 -1.674200e-10 3.265000e-11
2014.706849315 -1.897200e-10 3.815000e-11
2014.789041096 -1.636000e-10 3.603000e-11
2014.873972603 -8.741000e-11 3.687000e-11
