2003.020068 0.29937684700605E-11 0.86409222988127E-11
2003.040000 -0.33699418338768E-09 0.12681259497780E-10
2003.059658 -0.32453081193130E-10 0.10610048509537E-10
2003.079247 0.53314922261479E-10 0.11138220742750E-10
2003.098836 -0.23867797237391E-10 0.85989985063767E-11
2003.118425 0.72380371502781E-10 0.85450819717879E-11
2003.138014 -0.11598299014401E-10 0.85286631525194E-11
2003.157603 0.62728514029287E-10 0.82719508121374E-11
2003.177192 0.22806549125917E-10 0.81327918687241E-11
2003.196781 0.11549760657840E-09 0.84737642718984E-11
2003.212329 -0.25913591721322E-10 0.78785689599935E-11
2003.230548 0.63633234313012E-10 0.76373027439958E-11
2003.250137 0.32730870303884E-10 0.76237989355805E-11
2003.270000 0.11510107682167E-09 0.74819197111286E-11
2003.289726 0.35569023324440E-10 0.73609694038905E-11
2003.309315 0.10127662486062E-09 0.73864119250263E-11
2003.328904 0.90579971921280E-10 0.78774013264898E-11
2003.348493 0.18849407397720E-09 0.71809603964830E-11
2003.368082 0.16181037892634E-10 0.71734168177198E-11
2003.387671 0.73355791494869E-10 0.81574999933496E-11
2003.480205 0.98756465204909E-10 0.79123316094604E-11
2003.500000 0.84036768469252E-10 0.70076847060221E-11
2003.519795 0.25751335955518E-10 0.73671794428831E-11
2003.539384 0.13140312340431E-09 0.77323921291650E-11
2003.558973 0.89107656862874E-10 0.71292656848175E-11
2003.578562 0.10442163382137E-09 0.71290324657395E-11
2003.598151 0.20943542381182E-10 0.71764603964306E-11
2003.617740 -0.12575580921719E-10 0.69796130058278E-11
2003.637329 -0.15392708060768E-10 0.68947536674513E-11
2003.656918 -0.51469847871513E-11 0.72819914519649E-11
2003.672603 -0.20248570336459E-10 0.67585372072782E-11
2003.690685 -0.32112057834323E-11 0.68352276963351E-11
2003.710274 -0.25290369757625E-10 0.72492058203681E-11
2003.730000 -0.49595924464548E-10 0.78385454785746E-11
2003.749863 -0.43678529714505E-10 0.69886759071372E-11
2003.769452 -0.57485043797181E-10 0.72402008720772E-11
2003.789041 0.23960703447932E-10 0.73501334434662E-11
2003.808630 -0.27462188153591E-10 0.73014673603371E-11
2003.828219 0.12155052584259E-10 0.75471422194713E-11
2003.847808 -0.44896423531270E-11 0.72789780965217E-11
2003.867397 0.69333232404689E-10 0.68697145812925E-11
2003.886986 -0.94487355026058E-11 0.72339766185827E-11
2003.906575 0.55864995364747E-10 0.73215791713103E-11
2003.921918 0.41331304218807E-10 0.71222952555563E-11
2003.940342 0.16235565154289E-09 0.69325555044020E-11
2003.960000 0.24072124056366E-10 0.72773324410568E-11
2003.979932 0.11278924975760E-09 0.67780045182380E-11
2003.999521 0.70156588631605E-10 0.67411933807218E-11
2004.019098 0.13646224771636E-09 0.75113059049477E-11
2004.097350 0.81416244195924E-10 0.73647839138657E-11
2004.116913 -0.19402572977935E-11 0.66610926263919E-11
2004.132514 0.72709490638064E-10 0.68376322003130E-11
2004.150601 -0.26537475863022E-11 0.64246137317958E-11
2004.170164 0.42989452833701E-10 0.64771244474074E-11
2004.190000 0.76678762669441E-11 0.66834611950157E-11
2004.209727 0.56319738466070E-10 0.67904821024968E-11
2004.229290 0.33478313648688E-10 0.72871739496317E-11
2004.248852 0.30340310947839E-10 0.66833306507974E-11
2004.268415 -0.16886654340100E-10 0.67257551326454E-11
2004.287978 0.58361155298582E-10 0.65163315279085E-11
2004.307541 0.11575650848988E-09 0.67607581707031E-11
2004.327104 0.12677827598154E-09 0.67648135017045E-11
2004.346667 0.55516688946257E-10 0.67996278871358E-11
2004.362022 0.14763869141146E-09 0.70635418278712E-11
2004.380355 0.17825589047773E-09 0.71532336538074E-11
2004.400000 0.23318401152741E-09 0.68276279284676E-11
2004.419918 0.16940695815171E-09 0.69377443414769E-11
2004.439481 0.17731765796087E-09 0.66947425285999E-11
2004.459044 0.25387826308363E-09 0.68019817025566E-11
2004.478607 0.22702953692461E-09 0.71991309124451E-11
2004.498169 0.14462965543366E-09 0.73388891241586E-11
2004.517732 0.41953695916711E-10 0.73369450199958E-11
2004.537295 0.51047812898821E-11 0.75290203513644E-11
2004.556858 -0.17413588440298E-11 0.74500381917811E-11
2004.572404 0.25172621006855E-10 0.74624552068925E-11
2004.590546 -0.37943269314878E-10 0.74557479043419E-11
2004.610109 0.51058170365045E-10 0.73532435628962E-11
2004.630000 -0.75462930265023E-10 0.76253594800610E-11
2004.649672 -0.41954931202941E-10 0.88328329731006E-11
2004.669235 -0.10930535535546E-09 0.74866792639319E-11
2004.688798 -0.27512348519697E-11 0.78434697855770E-11
2004.708361 -0.51375768239208E-10 0.76352534835965E-11
2004.727923 0.40279784500813E-10 0.76898858080109E-11
2004.747486 -0.38552307915235E-10 0.79430400955174E-11
2004.767049 0.91257980635042E-10 0.75568043781551E-11
2004.786612 0.14311012262593E-10 0.74639164938696E-11
2004.801913 0.98692736842363E-10 0.74368654116681E-11
2004.820301 0.14173672664957E-10 0.73358885689297E-11
2004.840000 0.15561028620038E-09 0.73918667671604E-11
2004.859863 0.46103587918074E-10 0.75417914567726E-11
2004.879426 0.11370288203268E-09 0.71429227291815E-11
2004.898989 0.97387359958937E-10 0.70711513367212E-11
2004.918552 0.16782973442391E-09 0.74856217117852E-11
2004.938115 0.13572965263222E-09 0.79913781270252E-11
2004.957678 0.17507068366056E-09 0.69814208600622E-11
2004.977240 0.12836235505929E-09 0.69251908773442E-11
2004.996803 0.14940452236281E-09 0.69224205608703E-11
2005.012329 0.72625296852557E-10 0.70893031646618E-11
2005.030548 0.59000869435128E-10 0.71683453568128E-11
2005.050137 0.87830426708516E-10 0.63991442784946E-11
2005.070000 0.95573056863970E-10 0.67186139375518E-11
2005.089726 0.32903392365949E-10 0.71485610548115E-11
2005.109315 0.31840825094308E-10 0.66646757091249E-11
2005.128904 0.97471616094501E-10 0.66704797091515E-11
2005.148493 0.94178425958597E-10 0.71477010816925E-11
2005.168082 0.24697546760995E-10 0.66381831770915E-11
2005.187671 0.86486280508516E-11 0.66782879078217E-11
2005.207260 0.69140588901140E-10 0.76433024765852E-11
2005.226849 0.70522754420334E-10 0.69466731537439E-11
2005.242466 0.14009842050335E-09 0.70409029057087E-11
2005.260616 0.48708951075734E-10 0.74730468803753E-11
2005.280205 0.14685391882274E-09 0.70810065220045E-11
2005.300000 0.12769546013397E-09 0.73401775633261E-11
2005.319795 0.19492063022042E-09 0.75712051205508E-11
2005.339384 0.14096449472598E-09 0.74337925650927E-11
2005.358973 0.23707542706903E-09 0.79247493286807E-11
2005.378562 0.14176196349078E-09 0.75774324794084E-11
2005.398151 0.14539608125096E-09 0.74694322220000E-11
2005.417740 0.61641620814834E-10 0.77111815161893E-11
2005.437329 0.17758738180765E-09 0.83818996338744E-11
2005.456918 0.11358484644251E-09 0.80141370257026E-11
2005.472603 0.17421397517891E-09 0.78175133450657E-11
2005.490685 0.90919993357399E-10 0.78077255867076E-11
2005.510274 0.17123809483951E-09 0.78103380480356E-11
2005.530000 0.61293532864340E-10 0.77044162909696E-11
2005.549863 0.11928022340676E-09 0.75062855210716E-11
2005.569452 0.66236195658090E-11 0.77424445365657E-11
2005.589041 0.45456640070167E-10 0.75341324247873E-11
2005.608630 -0.70210168162677E-11 0.74135391481076E-11
2005.628219 0.57832898930425E-10 0.77348240557566E-11
2005.647808 0.13924589989149E-10 0.74484985556930E-11
2005.667397 0.99782164897422E-10 0.75586530063648E-11
2005.686986 0.78980420203666E-11 0.77759194664976E-11
2005.706575 0.30190092312184E-10 0.74330631544018E-11
2005.721918 0.13508816049930E-10 0.73507077413941E-11
2005.740342 0.12971048396631E-09 0.76365810153758E-11
2005.760000 0.20523986284578E-10 0.73390993892864E-11
2005.779932 0.57094733871415E-10 0.72949145708430E-11
2005.799521 0.54386170710287E-10 0.71374644599794E-11
2005.819110 0.95757719001762E-10 0.69747992390670E-11
2005.838699 0.10399368818222E-09 0.70259131750027E-11
2005.858288 0.93957568435021E-10 0.70572649033889E-11
2005.877877 0.12578009526859E-09 0.70662082336530E-11
2005.897466 0.14606636075493E-09 0.71372084010654E-11
2005.917055 0.14463395086215E-09 0.93755698324843E-11
2005.936644 0.59613875033597E-10 0.90973436667679E-11
2005.952055 0.12781896156372E-09 0.10074861431145E-10
2005.970411 0.13792107856729E-09 0.90773680158886E-11
2005.990000 0.12964556998149E-09 0.90819819856787E-11
2006.010000 0.64016246113592E-10 0.83300145311618E-11
2006.029589 0.94854634472273E-10 0.81244657433276E-11
2006.049178 0.37604756917672E-10 0.84557062373334E-11
2006.068767 0.86310251632066E-10 0.78367836160053E-11
2006.088356 -0.12381892884754E-10 0.76356138841658E-11
2006.107945 0.11897402243352E-09 0.74868689885035E-11
2006.127534 0.49088216956257E-10 0.78073628820026E-11
2006.147123 0.14298355540889E-09 0.77468130151452E-11
2006.166712 -0.12358029128737E-10 0.71204695266677E-11
2006.182192 0.82371417257326E-10 0.71274781756885E-11
2006.200479 0.57680045992712E-11 0.69552981672993E-11
2006.220068 0.50542112889988E-10 0.71172425166622E-11
2006.240000 0.14670104306219E-11 0.70688557608183E-11
2006.259658 0.10168892068396E-09 0.67566193675914E-11
2006.279247 -0.13717382854894E-11 0.66993136072320E-11
2006.298836 0.42605449113636E-10 0.65929599910410E-11
2006.318425 0.19079260640905E-11 0.67809337108157E-11
2006.338014 0.91203251099895E-10 0.68853537796215E-11
2006.357603 0.75814532131691E-10 0.67359745267560E-11
2006.377192 0.10501357488518E-09 0.68838344631452E-11
2006.396781 0.66118683330094E-10 0.68554692211637E-11
2006.412329 0.17759133974946E-09 0.67379945739198E-11
2006.430548 0.12690650817333E-09 0.66682356169632E-11
2006.450137 0.12032937100615E-09 0.72909282922873E-11
2006.470000 0.58271491715911E-10 0.69859450401855E-11
2006.489726 0.11556950361181E-09 0.68730231805240E-11
2006.509315 0.63996482359431E-10 0.71544869627966E-11
2006.528904 0.56440389832948E-10 0.70383376779481E-11
2006.548493 0.62976248385107E-10 0.69734361267225E-11
2006.568082 0.50057330026396E-10 0.68660436646160E-11
2006.587671 0.51430924427929E-10 0.68523289828685E-11
2006.607260 0.57346167056974E-10 0.67586418657826E-11
2006.626849 0.68875117568632E-10 0.66508265292234E-11
2006.642466 0.61442722469114E-10 0.68278327173277E-11
2006.660616 0.48164782951120E-10 0.67990948694133E-11
2006.680205 0.17244235657378E-12 0.67564241716081E-11
2006.700000 0.69558605888524E-11 0.67953821408078E-11
2006.719795 0.12192217673678E-10 0.71060350234641E-11
2006.739384 0.75169003730910E-10 0.67826625045462E-11
2006.758973 -0.42774665930699E-11 0.70693751564615E-11
2006.778562 0.90388556104440E-10 0.71335900169829E-11
2006.798151 -0.38014860364411E-11 0.72179354796871E-11
2006.817740 0.43576576214449E-10 0.71241008372185E-11
2006.837329 0.28694211214430E-10 0.70666344635487E-11
2006.856918 0.85535904249706E-10 0.71924336398043E-11
2006.872603 0.54927008715430E-10 0.72990116178689E-11
2006.890685 0.17013218777115E-09 0.73921787019716E-11
2006.910274 0.11105162555453E-09 0.76820379109525E-11
2006.930000 0.18299588847729E-09 0.77730809121593E-11
2006.949863 0.13841097751044E-09 0.77979863171732E-11
2006.969452 0.17715057838140E-09 0.76987953883930E-11
2006.989041 0.45466923519978E-10 0.87366564377172E-11
2007.008630 0.20351810935447E-09 0.78346649401801E-11
2007.028219 0.17303172765224E-09 0.85593582277298E-11
2007.047808 0.23360519259810E-09 0.79571302008473E-11
2007.067397 0.15786276723929E-09 0.76655025337392E-11
2007.086986 0.16051502540947E-09 0.76277045402519E-11
2007.106575 0.23805141584757E-10 0.79094904341373E-11
2007.121918 0.93301748511456E-10 0.75141118954634E-11
2007.140342 0.27134773204647E-10 0.74135847743644E-11
2007.160000 0.88397098056511E-10 0.76154937914152E-11
2007.179932 0.23042525421509E-10 0.73071817952835E-11
2007.199521 0.97351594686574E-10 0.71769391819859E-11
2007.219110 -0.62479651302532E-11 0.69910461586450E-11
2007.238699 0.78781033594843E-10 0.71155609662110E-11
2007.258288 0.48789845176271E-10 0.73669065666922E-11
2007.277877 0.10873537991575E-09 0.72754455845896E-11
2007.297466 -0.24172133839519E-11 0.78398478688102E-11
2007.317055 0.60300910617716E-10 0.72060140176347E-11
2007.336644 0.10909307582068E-09 0.73874172929915E-11
2007.352055 0.17132743387653E-09 0.77217313983807E-11
2007.370411 0.11833833550854E-09 0.73201088061843E-11
2007.390000 0.13360557738436E-09 0.71824969611995E-11
2007.410000 0.16255738311357E-09 0.75020511910197E-11
2007.429589 0.12026695963074E-09 0.73486423192675E-11
2007.449178 0.43074533080176E-10 0.72599150606137E-11
2007.468767 0.72594955974473E-10 0.71251074167367E-11
2007.488356 0.53883612119738E-10 0.73485093580133E-11
2007.507945 0.32012776378990E-10 0.70510868892115E-11
2007.527534 0.54399705528629E-10 0.71561008374565E-11
2007.547123 0.64400470365422E-10 0.72328122276219E-11
2007.566712 0.88066884796694E-10 0.73746372247626E-11
2007.582192 0.60890455817450E-11 0.76494040306058E-11
2007.600479 0.91372679319586E-11 0.75607174670185E-11
2007.620068 -0.67563612922553E-10 0.74517379968626E-11
2007.640000 0.26604408248846E-10 0.73574805770598E-11
2007.659658 -0.77536367287489E-10 0.78713229315823E-11
2007.679247 0.18353622917517E-10 0.77376221104794E-11
2007.698836 -0.35440206855802E-10 0.80341575780922E-11
2007.718425 0.27656092643345E-10 0.78988836599466E-11
2007.738014 -0.76847214799957E-10 0.80512549471093E-11
2007.757603 0.82738506666977E-11 0.92974149790088E-11
2007.777192 -0.54485110029393E-10 0.82509277191441E-11
2007.796781 0.80541639548272E-10 0.77568446064160E-11
2007.812329 -0.61027877686570E-10 0.80502371054907E-11
2007.830548 0.29757214960751E-10 0.76432536296372E-11
2007.850137 -0.31011744704817E-10 0.74353598034637E-11
2007.870000 0.52632826535457E-10 0.75483013975981E-11
2007.889726 -0.45948092726729E-10 0.81072932252530E-11
2007.909315 0.86593893878721E-10 0.73588050702450E-11
2007.928904 0.43624820894470E-10 0.71615702060856E-11
2007.948493 0.10218528235136E-09 0.72188412126008E-11
2007.968082 -0.75635398110704E-11 0.77534915584891E-11
2007.987671 0.33147368212731E-10 0.72707084782925E-11
2008.007260 0.11299491400716E-09 0.72321829521427E-11
2008.026831 0.17375210875350E-09 0.70213365897534E-11
2008.042350 0.17761323911448E-09 0.71029754784770E-11
2008.060519 0.19288198341302E-09 0.69701440825481E-11
2008.080082 0.12013216396643E-09 0.72947780380571E-11
2008.100000 0.55463689333843E-10 0.72280633153609E-11
2008.119645 -0.29785902008423E-10 0.70445926560844E-11
2008.139208 0.50636987303425E-11 0.71262642713042E-11
2008.158770 0.14908253154107E-12 0.74739322718256E-11
2008.178333 -0.10717813091984E-10 0.68477522507275E-11
2008.197896 -0.10057549125601E-09 0.67860470880540E-11
2008.217459 -0.45316228676049E-10 0.68051349522987E-11
2008.237022 -0.80039499489766E-11 0.69095840036837E-11
2008.256585 0.47585258277220E-10 0.68661601339402E-11
2008.271858 -0.97678604396566E-11 0.73519928651798E-11
2008.290273 -0.30780919694229E-10 0.76090390879331E-11
2008.310000 0.10517997571581E-09 0.71421310837615E-11
2008.329836 0.70734292139970E-10 0.71107034135884E-11
2008.349399 0.11045524940587E-09 0.70897337673166E-11
2008.368962 0.69983896417981E-10 0.70000567628727E-11
2008.388525 0.13110069309206E-09 0.70179703106491E-11
2008.408087 0.73114017287364E-10 0.69459222446658E-11
2008.427650 0.10434337449634E-09 0.70278076067105E-11
2008.447213 0.67902193679020E-10 0.74070652528019E-11
2008.466776 0.13940182638596E-09 0.74706403539052E-11
2008.482240 0.48858582132510E-10 0.75283975633989E-11
2008.500464 0.23742775709356E-10 0.76618088573493E-11
2008.520027 -0.39505280308545E-10 0.75338610709284E-11
2008.540000 0.91426151668289E-10 0.75188049039056E-11
2008.559590 -0.10308216907150E-10 0.77460515359357E-11
2008.579153 0.69886796037089E-10 0.78677761359513E-11
2008.598716 -0.37997454318907E-10 0.78637225895018E-11
2008.618279 -0.20202122493795E-10 0.79784957153534E-11
2008.637842 -0.14180086781416E-09 0.78116185028510E-11
2008.657404 -0.40429363137895E-10 0.78319447246965E-11
2008.676967 -0.40527544022456E-10 0.77997547413090E-11
2008.692623 0.86834165614948E-10 0.77504157801499E-11
2008.710656 -0.35040670044191E-10 0.74231400274653E-11
2008.730219 0.23455077164157E-10 0.72179095126364E-11
2008.750000 0.30289837447509E-10 0.71892806862735E-11
2008.769781 0.10310444810904E-09 0.70876847764210E-11
2008.789344 0.41962927379264E-10 0.71040575421114E-11
2008.808907 0.96144371737333E-10 0.70644708680035E-11
2008.828470 0.39333845669839E-10 0.69708220592978E-11
2008.848033 0.30002893342858E-10 0.72354899695570E-11
2008.867596 -0.40521196602105E-10 0.68374069376656E-11
2008.887158 0.11742867523318E-10 0.67411589752901E-11
2008.906721 0.38618270597423E-10 0.70798992027122E-11
2008.922131 0.19037574880981E-10 0.68713412804463E-11
2008.940410 0.10862759844561E-10 0.69626321437683E-11
2008.960000 0.66946832365605E-11 0.72000438551911E-11
2008.979973 0.12132922522814E-09 0.71951045506691E-11
