2002.619178082 -1.190077e-03 1.537561e-04 -1.594707e-03 4.000212e-04 4.000212e-04 4.000212e-04
2002.704109589 -7.598047e-04 1.679585e-03 -2.369157e-03 4.000212e-04 4.000212e-04 4.000212e-04
2002.786301370 -1.202495e-03 1.878750e-03 -1.456606e-03 4.000212e-04 4.000212e-04 4.000212e-04
2002.871232877 -9.488451e-05 1.285773e-03 -7.458897e-04 4.000212e-04 4.000212e-04 4.000212e-04
2002.953424658 -3.151641e-04 -1.406173e-04 -3.245085e-04 4.000212e-04 4.000212e-04 4.000212e-04
2003.038356164 9.983226e-04 7.502155e-04 9.983226e-04 4.000212e-04 4.000212e-04 4.000212e-04
2003.123287671 1.911177e-04 6.472941e-04 1.911177e-04 4.000212e-04 4.000212e-04 4.000212e-04
2003.200000000 1.343432e-03 -1.053795e-03 1.343432e-03 4.000212e-04 4.000212e-04 4.000212e-04
2003.284931507 7.460672e-04 -4.134228e-04 7.460672e-04 4.000212e-04 4.000212e-04 4.000212e-04
2003.367123288 8.476732e-04 -7.165158e-04 8.476732e-04 4.000212e-04 4.000212e-04 4.000212e-04
2003.534246575 -3.936281e-04 2.923284e-05 -8.458641e-04 4.000212e-04 4.000212e-04 4.000212e-04
2003.619178082 -1.704384e-04 1.080339e-03 -2.385576e-03 4.000212e-04 4.000212e-04 4.000212e-04
2003.704109589 -9.106633e-04 2.670447e-03 -1.449667e-03 4.000212e-04 4.000212e-04 4.000212e-04
2003.786301370 -1.236966e-03 1.385892e-03 -1.905775e-03 4.000212e-04 4.000212e-04 4.000212e-04
2003.871232877 -7.239054e-04 1.040217e-03 -1.191152e-03 4.000212e-04 4.000212e-04 4.000212e-04
2003.953424658 -6.147002e-04 8.820853e-04 -3.248906e-04 4.000212e-04 4.000212e-04 4.000212e-04
2004.122950820 7.265351e-04 4.909168e-04 7.265351e-04 4.000212e-04 4.000212e-04 4.000212e-04
2004.202185792 5.549211e-04 -4.878945e-04 5.549211e-04 4.000212e-04 4.000212e-04 4.000212e-04
2004.286885246 1.793665e-03 -5.779385e-04 1.793665e-03 4.000212e-04 4.000212e-04 4.000212e-04
2004.368852459 7.671075e-04 -5.768573e-04 7.671075e-04 4.000212e-04 4.000212e-04 4.000212e-04
2004.453551913 1.958769e-04 -8.884330e-04 1.958769e-04 4.000212e-04 4.000212e-04 4.000212e-04
2004.535519126 6.494307e-04 -2.006107e-04 6.494307e-04 4.000212e-04 4.000212e-04 4.000212e-04
2004.620218579 -2.811299e-04 1.814799e-03 -7.680438e-04 4.000212e-04 4.000212e-04 4.000212e-04
2004.704918033 -1.202421e-03 1.803940e-03 -9.051578e-04 4.000212e-04 4.000212e-04 4.000212e-04
2004.786885246 -2.005375e-03 1.288185e-03 -1.447501e-03 4.000212e-04 4.000212e-04 4.000212e-04
2004.871584699 -6.904518e-04 7.665439e-04 -3.763753e-04 4.000212e-04 4.000212e-04 4.000212e-04
2004.953551913 -6.674593e-04 6.382488e-04 9.650214e-04 4.000212e-04 4.000212e-04 4.000212e-04
2005.038356164 -2.254999e-04 -8.588588e-05 1.253031e-03 4.000212e-04 4.000212e-04 4.000212e-04
2005.123287671 4.576850e-04 -3.374841e-05 4.576850e-04 4.000212e-04 4.000212e-04 4.000212e-04
2005.200000000 1.225611e-03 -1.157333e-03 1.225611e-03 4.000212e-04 4.000212e-04 4.000212e-04
2005.284931507 7.431736e-04 -1.410278e-03 7.431736e-04 4.000212e-04 4.000212e-04 4.000212e-04
2005.367123288 6.653173e-04 -6.908143e-04 6.653173e-04 4.000212e-04 4.000212e-04 4.000212e-04
2005.452054795 -5.217146e-05 -1.136960e-03 1.097422e-03 4.000212e-04 4.000212e-04 4.000212e-04
2005.534246575 -8.799552e-04 3.855157e-04 -5.170678e-04 4.000212e-04 4.000212e-04 4.000212e-04
2005.619178082 -1.078135e-03 1.785384e-03 -3.162873e-04 4.000212e-04 4.000212e-04 4.000212e-04
2005.704109589 -9.445006e-04 2.247955e-03 -9.287583e-04 4.000212e-04 4.000212e-04 4.000212e-04
2005.786301370 -9.940707e-04 1.539978e-03 -1.194982e-03 4.000212e-04 4.000212e-04 4.000212e-04
2005.871232877 -1.831892e-03 1.502855e-03 -1.088796e-03 4.000212e-04 4.000212e-04 4.000212e-04
2005.953424658 -6.868502e-04 -1.275160e-04 1.002975e-04 4.000212e-04 4.000212e-04 4.000212e-04
2006.038356164 -3.859576e-05 -7.500447e-04 4.235447e-04 4.000212e-04 4.000212e-04 4.000212e-04
2006.123287671 3.659216e-04 -8.495073e-04 3.659216e-04 4.000212e-04 4.000212e-04 4.000212e-04
2006.200000000 1.637541e-03 -4.886179e-04 1.637541e-03 4.000212e-04 4.000212e-04 4.000212e-04
2006.284931507 2.035839e-03 -1.599389e-03 2.035839e-03 4.000212e-04 4.000212e-04 4.000212e-04
2006.367123288 8.649369e-04 -1.215652e-03 8.649369e-04 4.000212e-04 4.000212e-04 4.000212e-04
2006.452054795 1.083357e-03 -4.812452e-04 1.083357e-03 4.000212e-04 4.000212e-04 4.000212e-04
2006.534246575 -5.071978e-04 -3.427951e-04 -9.412556e-04 4.000212e-04 4.000212e-04 4.000212e-04
2006.619178082 -8.691176e-04 1.237011e-03 -1.222482e-03 4.000212e-04 4.000212e-04 4.000212e-04
2006.704109589 -1.319598e-03 2.283954e-03 -1.734033e-03 4.000212e-04 4.000212e-04 4.000212e-04
2006.786301370 -1.683657e-03 7.815620e-04 -2.222989e-03 4.000212e-04 4.000212e-04 4.000212e-04
2006.871232877 -9.488842e-04 1.142751e-03 -4.985574e-04 4.000212e-04 4.000212e-04 4.000212e-04
2006.953424658 -2.061402e-04 3.158464e-04 2.611260e-04 4.000212e-04 4.000212e-04 4.000212e-04
2007.038356164 1.213704e-03 3.251455e-04 1.213704e-03 4.000212e-04 4.000212e-04 4.000212e-04
2007.123287671 1.210858e-03 -1.794862e-04 1.210858e-03 4.000212e-04 4.000212e-04 4.000212e-04
2007.200000000 1.267947e-03 -1.117602e-05 1.267947e-03 4.000212e-04 4.000212e-04 4.000212e-04
2007.284931507 1.193048e-03 -8.384861e-04 1.193048e-03 4.000212e-04 4.000212e-04 4.000212e-04
2007.367123288 7.653233e-04 -1.024983e-03 7.653233e-04 4.000212e-04 4.000212e-04 4.000212e-04
2007.452054795 3.537664e-04 -4.038578e-04 3.537664e-04 4.000212e-04 4.000212e-04 4.000212e-04
2007.534246575 -4.168376e-04 9.777660e-04 -5.666164e-04 4.000212e-04 4.000212e-04 4.000212e-04
2007.619178082 -4.514972e-04 1.787846e-03 -1.326973e-03 4.000212e-04 4.000212e-04 4.000212e-04
2007.704109589 -1.101320e-03 2.559908e-03 -1.835044e-03 4.000212e-04 4.000212e-04 4.000212e-04
2007.786301370 -1.633377e-03 1.561487e-03 -2.109820e-03 4.000212e-04 4.000212e-04 4.000212e-04
2007.871232877 -1.002259e-03 1.186159e-03 -1.667953e-03 4.000212e-04 4.000212e-04 4.000212e-04
2007.953424658 -4.447328e-05 8.801259e-05 -7.936137e-04 4.000212e-04 4.000212e-04 4.000212e-04
2008.038251366 2.976070e-05 -1.929874e-04 2.976070e-05 4.000212e-04 4.000212e-04 4.000212e-04
2008.122950820 9.208712e-04 -6.933373e-04 9.208712e-04 4.000212e-04 4.000212e-04 4.000212e-04
2008.202185792 1.372073e-03 -9.911491e-04 1.372073e-03 4.000212e-04 4.000212e-04 4.000212e-04
2008.286885246 1.828533e-03 -1.373681e-03 1.828533e-03 4.000212e-04 4.000212e-04 4.000212e-04
2008.368852459 1.622038e-03 -1.755820e-03 1.622038e-03 4.000212e-04 4.000212e-04 4.000212e-04
2008.453551913 5.030724e-04 -1.715591e-03 5.030724e-04 4.000212e-04 4.000212e-04 4.000212e-04
2008.535519126 2.317537e-05 -4.248738e-04 2.317537e-05 4.000212e-04 4.000212e-04 4.000212e-04
2008.620218579 7.361296e-05 1.158911e-03 7.361296e-05 4.000212e-04 4.000212e-04 4.000212e-04
2008.704918033 -1.103922e-03 1.636947e-03 -1.285051e-03 4.000212e-04 4.000212e-04 4.000212e-04
2008.786885246 -1.334796e-03 7.900081e-04 -1.924068e-03 4.000212e-04 4.000212e-04 4.000212e-04
2008.871584699 -1.281293e-03 1.280440e-03 -1.387040e-03 4.000212e-04 4.000212e-04 4.000212e-04
2008.953551913 -5.401702e-04 6.667435e-05 -3.556823e-04 4.000212e-04 4.000212e-04 4.000212e-04
2009.038356164 2.488454e-04 -5.210421e-04 2.488454e-04 4.000212e-04 4.000212e-04 4.000212e-04
2009.123287671 2.496527e-04 -7.186823e-04 2.496527e-04 4.000212e-04 4.000212e-04 4.000212e-04
2009.200000000 1.373300e-03 -1.398354e-03 1.373300e-03 4.000212e-04 4.000212e-04 4.000212e-04
2009.284931507 1.781019e-03 -1.896596e-03 1.781019e-03 4.000212e-04 4.000212e-04 4.000212e-04
2009.367123288 1.146029e-03 -2.452680e-03 1.146029e-03 4.000212e-04 4.000212e-04 4.000212e-04
2009.452054795 3.663840e-04 -2.058597e-03 3.663840e-04 4.000212e-04 4.000212e-04 4.000212e-04
2009.534246575 1.666046e-04 -9.185805e-04 1.666046e-04 4.000212e-04 4.000212e-04 4.000212e-04
2009.619178082 -1.063200e-03 3.873507e-04 -1.947718e-03 4.000212e-04 4.000212e-04 4.000212e-04
2009.704109589 -5.945977e-04 7.884113e-04 -2.412431e-03 4.000212e-04 4.000212e-04 4.000212e-04
2009.786301370 -1.205447e-03 7.767754e-04 -2.323326e-03 4.000212e-04 4.000212e-04 4.000212e-04
2009.871232877 -1.058481e-03 1.748377e-04 -1.998658e-03 4.000212e-04 4.000212e-04 4.000212e-04
2009.953424658 -7.074920e-04 -2.908673e-04 -1.135693e-03 4.000212e-04 4.000212e-04 4.000212e-04
2010.038356164 9.704793e-04 -4.003863e-04 9.704793e-04 4.000212e-04 4.000212e-04 4.000212e-04
2010.123287671 1.155534e-03 -1.130258e-03 1.155534e-03 4.000212e-04 4.000212e-04 4.000212e-04
2010.200000000 1.479453e-03 -1.132907e-03 1.479453e-03 4.000212e-04 4.000212e-04 4.000212e-04
2010.284931507 1.297324e-03 -1.410864e-03 1.297324e-03 4.000212e-04 4.000212e-04 4.000212e-04
2010.367123288 1.038633e-03 -4.671983e-04 1.038633e-03 4.000212e-04 4.000212e-04 4.000212e-04
2010.452054795 -3.871057e-04 -1.011835e-03 -1.454787e-04 4.000212e-04 4.000212e-04 4.000212e-04
2010.534246575 -3.621697e-04 -5.207624e-04 -1.511007e-03 4.000212e-04 4.000212e-04 4.000212e-04
2010.619178082 -9.819249e-04 8.088381e-04 -1.949694e-03 4.000212e-04 4.000212e-04 4.000212e-04
2010.704109589 -1.799262e-03 1.878861e-03 -2.318690e-03 4.000212e-04 4.000212e-04 4.000212e-04
2010.786301370 -1.631927e-03 2.151175e-03 -2.049965e-03 4.000212e-04 4.000212e-04 4.000212e-04
2010.871232877 -1.327677e-03 1.376323e-03 -1.592656e-03 4.000212e-04 4.000212e-04 4.000212e-04
2010.953424658 -4.394104e-04 1.315620e-03 -5.066174e-04 4.000212e-04 4.000212e-04 4.000212e-04
2011.123287671 7.300587e-04 -1.540507e-04 7.300587e-04 4.000212e-04 4.000212e-04 4.000212e-04
2011.200000000 7.568411e-04 -1.642488e-03 7.568411e-04 4.000212e-04 4.000212e-04 4.000212e-04
2011.284931507 8.541905e-04 -1.438377e-03 8.541905e-04 4.000212e-04 4.000212e-04 4.000212e-04
2011.367123288 4.520352e-04 -1.992527e-03 4.520352e-04 4.000212e-04 4.000212e-04 4.000212e-04
2011.534246575 -8.145059e-04 -1.806869e-04 -1.805246e-03 4.000212e-04 4.000212e-04 4.000212e-04
2011.619178082 -1.570670e-03 1.015839e-03 -2.376588e-03 4.000212e-04 4.000212e-04 4.000212e-04
2011.704109589 -2.088561e-03 2.292876e-03 -2.985456e-03 4.000212e-04 4.000212e-04 4.000212e-04
2011.786301370 -1.852670e-03 2.190662e-03 -3.105613e-03 4.000212e-04 4.000212e-04 4.000212e-04
2011.871232877 -1.403070e-03 2.104666e-03 -3.339519e-03 4.000212e-04 4.000212e-04 4.000212e-04
2011.953424658 -7.315995e-04 3.268285e-04 -2.270141e-03 4.000212e-04 4.000212e-04 4.000212e-04
2012.038251366 -1.764170e-04 5.220682e-04 -1.756669e-03 4.000212e-04 4.000212e-04 4.000212e-04
2012.122950820 -1.229347e-04 -9.806509e-04 -1.179974e-03 4.000212e-04 4.000212e-04 4.000212e-04
2012.202185792 7.132608e-05 -1.344497e-03 7.132608e-05 4.000212e-04 4.000212e-04 4.000212e-04
2012.286885246 -7.432524e-04 -1.446005e-03 -2.766854e-04 4.000212e-04 4.000212e-04 4.000212e-04
2012.453551913 -7.498946e-04 -1.727107e-03 -1.528562e-03 4.000212e-04 4.000212e-04 4.000212e-04
2012.535519126 -1.215321e-03 3.011856e-04 -2.806704e-03 4.000212e-04 4.000212e-04 4.000212e-04
2012.620218579 -2.102711e-03 1.101261e-03 -3.953611e-03 4.000212e-04 4.000212e-04 4.000212e-04
2012.704918033 -1.970421e-03 2.614211e-03 -4.112151e-03 4.000212e-04 4.000212e-04 4.000212e-04
2012.871584699 -2.158096e-03 2.102685e-03 -2.708236e-03 4.000212e-04 4.000212e-04 4.000212e-04
2012.953551913 -1.685714e-03 1.123237e-03 -2.433991e-03 4.000212e-04 4.000212e-04 4.000212e-04
2013.038356164 -8.699818e-04 1.093320e-03 -1.605936e-03 4.000212e-04 4.000212e-04 4.000212e-04
2013.123287671 -6.707819e-04 -9.001644e-05 -1.011281e-03 4.000212e-04 4.000212e-04 4.000212e-04
2013.284931507 7.183235e-04 -9.720045e-04 7.183235e-04 4.000212e-04 4.000212e-04 4.000212e-04
2013.367123288 -1.088380e-04 -1.263355e-03 -1.058075e-04 4.000212e-04 4.000212e-04 4.000212e-04
2013.452054795 -2.858135e-04 -9.071039e-04 -1.109232e-03 4.000212e-04 4.000212e-04 4.000212e-04
2013.534246575 -1.339490e-03 -2.379882e-05 -2.999664e-03 4.000212e-04 4.000212e-04 4.000212e-04
2013.786301370 -1.575381e-03 1.279341e-03 -3.446315e-03 4.000212e-04 4.000212e-04 4.000212e-04
2013.871232877 -1.805592e-03 1.187032e-03 -1.858071e-03 4.000212e-04 4.000212e-04 4.000212e-04
2013.953424658 -1.866661e-03 7.138811e-04 -1.599805e-03 4.000212e-04 4.000212e-04 4.000212e-04
2014.038356164 -5.178692e-04 1.210009e-04 -3.943420e-04 4.000212e-04 4.000212e-04 4.000212e-04
2014.200000000 1.119309e-03 -3.747311e-04 1.119309e-03 4.000212e-04 4.000212e-04 4.000212e-04
2014.284931507 6.821681e-04 -1.781455e-03 6.821681e-04 4.000212e-04 4.000212e-04 4.000212e-04
2014.367123288 3.166713e-04 -9.239840e-04 3.166713e-04 4.000212e-04 4.000212e-04 4.000212e-04
2014.452054795 1.222377e-04 -1.439581e-03 1.222377e-04 4.000212e-04 4.000212e-04 4.000212e-04
2014.619178082 -1.149087e-03 4.573785e-04 -3.298019e-03 4.000212e-04 4.000212e-04 4.000212e-04
2014.704109589 -1.897678e-03 1.119078e-03 -4.009933e-03 4.000212e-04 4.000212e-04 4.000212e-04
2014.786301370 -2.089334e-03 1.480664e-03 -3.478823e-03 4.000212e-04 4.000212e-04 4.000212e-04
2014.871232877 -1.664825e-03 1.338631e-03 -2.738280e-03 4.000212e-04 4.000212e-04 4.000212e-04
2015.038356164 -1.018739e-03 3.920442e-04 -1.914244e-03 4.000212e-04 4.000212e-04 4.000212e-04
2015.123287671 -1.050082e-03 -3.084656e-04 -8.418882e-04 4.000212e-04 4.000212e-04 4.000212e-04
2015.200000000 -7.671445e-04 -1.026681e-03 -4.709927e-04 4.000212e-04 4.000212e-04 4.000212e-04
2015.284931507 1.945821e-04 -1.241580e-03 1.945821e-04 4.000212e-04 4.000212e-04 4.000212e-04
2015.367123288 3.590904e-04 -1.009520e-03 3.590904e-04 4.000212e-04 4.000212e-04 4.000212e-04
2015.534246575 -1.316789e-03 -3.222524e-04 -2.216724e-03 4.000212e-04 4.000212e-04 4.000212e-04
2015.619178082 -1.763433e-03 8.040142e-04 -3.144059e-03 4.000212e-04 4.000212e-04 4.000212e-04
2015.704109589 -2.311188e-03 1.178889e-03 -4.096161e-03 4.000212e-04 4.000212e-04 4.000212e-04
2015.953424658 -2.413104e-03 6.661354e-04 -2.020827e-03 4.000212e-04 4.000212e-04 4.000212e-04
2016.038251366 -2.563195e-03 1.590023e-04 -1.849319e-03 4.000212e-04 4.000212e-04 4.000212e-04
2016.122950820 -1.341221e-03 -2.530379e-04 -9.480653e-04 4.000212e-04 4.000212e-04 4.000212e-04
2016.202185792 -5.395114e-04 -7.052434e-04 -6.802274e-04 4.000212e-04 4.000212e-04 4.000212e-04
2016.368852459 2.252922e-05 2.388721e-04 2.252922e-05 4.000212e-04 4.000212e-04 4.000212e-04
2016.453551913 -1.487094e-03 -3.377539e-04 -1.161319e-03 4.000212e-04 4.000212e-04 4.000212e-04
2016.535519126 -1.442725e-03 8.904115e-04 -2.328177e-03 4.000212e-04 4.000212e-04 4.000212e-04
2016.620218579 -2.541259e-03 1.535458e-03 -3.028183e-03 4.000212e-04 4.000212e-04 4.000212e-04
2016.871584699 -3.472285e-03 9.197532e-04 -3.950995e-03 4.000212e-04 4.000212e-04 4.000212e-04
2016.953551913 -2.837280e-03 -6.707321e-04 -3.231750e-03 4.000212e-04 4.000212e-04 4.000212e-04
